temperature 	 <E> 	 <E^2> 	 <m> 	 <m^2>
0	                  -1.25829e+06	                    1.5833e+12	                      0.998047	                       0.996098	                        0.99221	 
0.05	                  -1.25829e+06	                    1.5833e+12	                      0.998047	                       0.996098	                        0.99221	 
0.1	                  -1.25829e+06	                    1.5833e+12	                      0.998047	                       0.996098	                        0.99221	 
0.15	                  -1.25829e+06	                    1.5833e+12	                      0.998047	                       0.996098	                        0.99221	 
0.2	                  -1.25829e+06	                    1.5833e+12	                      0.998047	                       0.996098	                        0.99221	 
0.25	                  -1.25829e+06	                    1.5833e+12	                      0.998047	                       0.996098	                        0.99221	 
0.3	                  -1.25829e+06	                    1.5833e+12	                      0.998047	                       0.996098	                        0.99221	 
0.35	                  -1.25829e+06	                    1.5833e+12	                      0.998047	                       0.996097	                        0.99221	 
0.4	                  -1.25829e+06	                    1.5833e+12	                      0.941029	                       0.904126	                       0.862652	 
0.45	                   -1.2583e+06	                   1.58331e+12	                      0.529906	                       0.799755	                       0.768092	 
0.5	                   -1.2583e+06	                   1.58331e+12	                            -1	                       0.999999	                       0.999998	 
0.55	                   -1.2583e+06	                   1.58331e+12	                     -0.999999	                       0.999998	                       0.999996	 
0.6	                   -1.2583e+06	                   1.58331e+12	                     -0.999997	                       0.999994	                       0.999988	 
0.65	                   -1.2583e+06	                   1.58331e+12	                     -0.999991	                       0.999982	                       0.999963	 
0.7	                   -1.2583e+06	                   1.58331e+12	                     -0.999979	                       0.999957	                       0.999914	 
0.75	                   -1.2583e+06	                   1.58331e+12	                     -0.999957	                       0.999913	                       0.999827	 
0.8	                   -1.2583e+06	                   1.58331e+12	                       -0.9999	                       0.999801	                       0.999606	 
0.85	                   -1.2583e+06	                   1.58331e+12	                     -0.999823	                       0.999648	                         0.9993	 
0.9	                   -1.2583e+06	                   1.58332e+12	                     -0.999706	                       0.999413	                       0.998828	 
0.95	                   -1.2583e+06	                   1.58332e+12	                     -0.999539	                        0.99908	                       0.998164	 
1	                   -1.2583e+06	                   1.58333e+12	                     -0.999237	                       0.998482	                        0.99699	 
1.05	                  -1.25831e+06	                   1.58335e+12	                     -0.998831	                       0.997673	                       0.995383	 
1.1	                  -1.25833e+06	                    1.5834e+12	                     -0.998368	                       0.996749	                       0.993548	 
1.15	                  -1.25836e+06	                   1.58346e+12	                     -0.997558	                       0.995161	                       0.990481	 
1.2	                   -1.2584e+06	                   1.58356e+12	                      -0.99686	                       0.993756	                       0.987643	 
1.25	                  -1.25845e+06	                   1.58369e+12	                     -0.995608	                       0.991292	                       0.982858	 
1.3	                  -1.25853e+06	                    1.5839e+12	                     -0.993933	                       0.988028	                       0.976608	 
1.35	                  -1.25866e+06	                   1.58422e+12	                     -0.991943	                       0.984124	                       0.969084	 
1.4	                  -1.25883e+06	                   1.58466e+12	                      -0.98974	                       0.979817	                       0.960806	 
1.45	                  -1.25906e+06	                   1.58524e+12	                     -0.986577	                       0.973866	                       0.949859	 
1.5	                  -1.25937e+06	                   1.58602e+12	                     -0.983112	                       0.967196	                       0.937334	 
1.55	                  -1.25977e+06	                   1.58702e+12	                     -0.979176	                       0.959594	                       0.922991	 
1.6	                  -1.26027e+06	                   1.58827e+12	                     -0.974215	                       0.949837	                       0.904462	 
1.65	                   -1.2609e+06	                   1.58986e+12	                     -0.967975	                       0.937986	                       0.882969	 
1.7	                   -1.2617e+06	                   1.59187e+12	                     -0.959978	                       0.923189	                       0.856876	 
1.75	                  -1.26266e+06	                   1.59432e+12	                     -0.952187	                       0.908404	                       0.830305	 
1.8	                  -1.26383e+06	                   1.59727e+12	                     -0.941009	                       0.887805	                       0.794785	 
1.85	                  -1.26523e+06	                   1.60081e+12	                     -0.927421	                       0.863362	                        0.75429	 
1.9	                  -1.26689e+06	                   1.60501e+12	                     -0.913794	                        0.83899	                       0.714264	 
1.95	                  -1.26881e+06	                   1.60988e+12	                     -0.894281	                        0.80468	                       0.660165	 
2	                    -1.271e+06	                   1.61544e+12	                     -0.874289	                       0.770184	                       0.607186	 
2.01	                  -1.27333e+06	                   1.62138e+12	                     -0.869651	                       0.762253	                       0.595903	 
2.02	                  -1.27572e+06	                   1.62747e+12	                     -0.865105	                       0.754577	                       0.584409	 
2.03	                  -1.27818e+06	                   1.63375e+12	                     -0.858443	                       0.743796	                        0.56953	 
2.04	                  -1.28069e+06	                   1.64016e+12	                      -0.85479	                       0.737258	                       0.559204	 
2.05	                  -1.28326e+06	                   1.64676e+12	                     -0.845518	                       0.722514	                       0.539645	 
2.06	                  -1.28592e+06	                   1.65358e+12	                     -0.841098	                       0.716087	                       0.530892	 
2.07	                  -1.28863e+06	                   1.66056e+12	                     -0.833137	                       0.702609	                        0.51265	 
2.08	                  -1.29143e+06	                    1.6678e+12	                     -0.826318	                       0.691484	                       0.497601	 
2.09	                  -1.29432e+06	                   1.67525e+12	                     -0.814519	                       0.675189	                        0.47799	 
2.1	                  -1.29725e+06	                   1.68285e+12	                     -0.812844	                       0.669956	                       0.468792	 
2.11	                  -1.30022e+06	                   1.69056e+12	                     -0.805293	                       0.658834	                        0.45552	 
2.12	                  -1.30329e+06	                   1.69856e+12	                     -0.793355	                       0.642154	                       0.435478	 
2.13	                  -1.30643e+06	                   1.70675e+12	                     -0.784679	                       0.628989	                       0.419776	 
2.14	                  -1.30959e+06	                   1.71503e+12	                     -0.777671	                       0.618631	                       0.406441	 
2.15	                  -1.31286e+06	                    1.7236e+12	                     -0.765502	                       0.600316	                        0.38621	 
2.16	                  -1.31619e+06	                   1.73236e+12	                     -0.741281	                       0.576593	                       0.360994	 
2.17	                   -1.3196e+06	                   1.74136e+12	                     -0.711788	                       0.556656	                       0.342225	 
2.18	                  -1.32306e+06	                    1.7505e+12	                     -0.729405	                       0.551261	                       0.332928	 
2.19	                  -1.32661e+06	                   1.75991e+12	                     -0.706811	                       0.531865	                       0.313303	 
2.2	                  -1.33024e+06	                   1.76955e+12	                     -0.691117	                       0.509785	                       0.293087	 
2.21	                  -1.33391e+06	                   1.77933e+12	                     -0.644078	                       0.482078	                       0.269402	 
2.22	                  -1.33767e+06	                   1.78935e+12	                      -0.64625	                       0.467942	                       0.254256	 
2.23	                   -1.3415e+06	                   1.79962e+12	                     -0.616281	                       0.440177	                       0.231595	 
2.24	                  -1.34541e+06	                   1.81014e+12	                     -0.580283	                        0.41276	                       0.210533	 
2.25	                   -1.3494e+06	                   1.82087e+12	                     -0.558002	                       0.386936	                       0.190427	 
2.26	                  -1.35346e+06	                   1.83184e+12	                     -0.532846	                       0.362767	                       0.171105	 
2.27	                  -1.35758e+06	                   1.84301e+12	                     -0.516286	                        0.34484	                       0.157646	 
2.28	                  -1.36176e+06	                    1.8544e+12	                     -0.480422	                       0.315841	                       0.137249	 
2.29	                  -1.36604e+06	                   1.86606e+12	                     -0.438207	                       0.290368	                       0.122453	 
2.3	                  -1.37041e+06	                   1.87802e+12	                     -0.399822	                       0.263943	                       0.105455	 
2.31	                  -1.37481e+06	                   1.89012e+12	                      -0.37821	                       0.243326	                      0.0935976	 
2.32	                  -1.37927e+06	                   1.90238e+12	                     -0.333084	                       0.213941	                      0.0769935	 
2.33	                  -1.38381e+06	                   1.91494e+12	                     -0.319282	                       0.205538	                      0.0712777	 
2.34	                  -1.38841e+06	                   1.92769e+12	                     -0.301326	                       0.188611	                      0.0620743	 
2.35	                  -1.39307e+06	                   1.94065e+12	                     -0.249757	                       0.161364	                      0.0488791	 
2.36	                  -1.39778e+06	                    1.9538e+12	                     -0.246741	                       0.157175	                      0.0462447	 
2.37	                  -1.40256e+06	                   1.96718e+12	                     -0.211153	                       0.139476	                      0.0390182	 
2.38	                  -1.40739e+06	                   1.98076e+12	                     -0.204793	                       0.128284	                      0.0341554	 
2.39	                  -1.41224e+06	                   1.99444e+12	                     -0.181425	                       0.118172	                      0.0298258	 
2.4	                  -1.41714e+06	                   2.00829e+12	                     -0.173262	                       0.105175	                      0.0243529	 
2.41	                  -1.42208e+06	                   2.02231e+12	                     -0.137183	                      0.0967302	                      0.0208203	 
2.42	                  -1.42707e+06	                   2.03652e+12	                     -0.151026	                      0.0946478	                      0.0206246	 
2.43	                  -1.43208e+06	                   2.05084e+12	                     -0.146046	                      0.0874786	                      0.0176154	 
2.44	                  -1.43711e+06	                    2.0653e+12	                     -0.124339	                      0.0812352	                      0.0155508	 
2.45	                  -1.44218e+06	                   2.07987e+12	                     -0.115135	                      0.0734744	                       0.013373	 
2.46	                  -1.44731e+06	                    2.0947e+12	                     -0.105431	                      0.0703663	                      0.0120807	 
2.47	                  -1.45249e+06	                   2.10973e+12	                    -0.0994633	                      0.0646635	                      0.0106782	 
2.48	                  -1.45769e+06	                   2.12487e+12	                    -0.0991893	                      0.0626242	                     0.00968147	 
2.49	                  -1.46291e+06	                    2.1401e+12	                    -0.0881453	                      0.0585861	                     0.00869052	 
2.5	                  -1.46815e+06	                   2.15547e+12	                    -0.0771758	                      0.0538024	                     0.00745841	 
2.51	                  -1.47344e+06	                   2.17101e+12	                    -0.0763459	                      0.0527141	                      0.0071976	 
2.52	                  -1.47875e+06	                   2.18671e+12	                    -0.0715215	                       0.049003	                     0.00631949	 
2.53	                   -1.4841e+06	                   2.20257e+12	                    -0.0651027	                      0.0472508	                      0.0058476	 
2.54	                  -1.48946e+06	                    2.2185e+12	                    -0.0649191	                      0.0454767	                     0.00544425	 
2.55	                  -1.49486e+06	                    2.2346e+12	                     -0.060723	                      0.0425708	                     0.00481074	 
2.56	                  -1.50027e+06	                    2.2508e+12	                       -0.0591	                      0.0400814	                     0.00437104	 
2.57	                  -1.50569e+06	                   2.26712e+12	                    -0.0509473	                      0.0384901	                     0.00398314	 
2.58	                  -1.51115e+06	                   2.28358e+12	                    -0.0497006	                      0.0371944	                     0.00380627	 
2.59	                  -1.51662e+06	                   2.30014e+12	                    -0.0531074	                      0.0370899	                     0.00370731	 
2.6	                  -1.52212e+06	                   2.31684e+12	                     -0.043367	                      0.0344791	                     0.00325432	 
2.61	                  -1.52767e+06	                   2.33376e+12	                     -0.042726	                      0.0338262	                     0.00310566	 
2.62	                  -1.53323e+06	                    2.3508e+12	                    -0.0423209	                      0.0321419	                     0.00281545	 
2.63	                  -1.53881e+06	                   2.36793e+12	                    -0.0366076	                      0.0305635	                     0.00257017	 
2.64	                  -1.54442e+06	                   2.38522e+12	                    -0.0411738	                      0.0298684	                      0.0024319	 
2.65	                  -1.55002e+06	                   2.40255e+12	                    -0.0355973	                      0.0291936	                     0.00234737	 
2.66	                  -1.55565e+06	                   2.42005e+12	                    -0.0367998	                      0.0276898	                     0.00217343	 
2.67	                  -1.56129e+06	                   2.43763e+12	                    -0.0340789	                      0.0276644	                     0.00210814	 
2.68	                  -1.56694e+06	                   2.45531e+12	                    -0.0359408	                      0.0266778	                     0.00203504	 
2.69	                  -1.57263e+06	                   2.47316e+12	                    -0.0331543	                      0.0254266	                     0.00177853	 
2.7	                  -1.57835e+06	                   2.49119e+12	                     -0.030283	                      0.0250803	                     0.00173075	 
2.71	                  -1.58408e+06	                   2.50931e+12	                    -0.0311354	                        0.02395	                     0.00162594	 
2.72	                  -1.58983e+06	                   2.52755e+12	                    -0.0290658	                      0.0237693	                     0.00155583	 
2.73	                  -1.59557e+06	                   2.54586e+12	                    -0.0287471	                      0.0239238	                     0.00160888	 
2.74	                  -1.60136e+06	                   2.56435e+12	                    -0.0232166	                      0.0219838	                     0.00137137	 
2.75	                  -1.60714e+06	                    2.5829e+12	                    -0.0269432	                      0.0220012	                     0.00137469	 
2.76	                  -1.61297e+06	                   2.60166e+12	                    -0.0262041	                      0.0218605	                     0.00136509	 
2.77	                  -1.61877e+06	                   2.62043e+12	                    -0.0239432	                      0.0207886	                     0.00122732	 
2.78	                   -1.6246e+06	                   2.63934e+12	                     -0.023952	                      0.0204416	                     0.00117177	 
2.79	                  -1.63044e+06	                   2.65835e+12	                    -0.0238109	                      0.0201252	                     0.00117055	 
2.8	                  -1.63631e+06	                   2.67751e+12	                    -0.0240039	                      0.0192271	                     0.00106204	 
2.81	                  -1.64221e+06	                   2.69685e+12	                    -0.0208582	                      0.0189032	                      0.0010274	 
2.82	                  -1.64811e+06	                   2.71625e+12	                    -0.0228045	                      0.0186112	                      0.0010005	 
2.83	                    -1.654e+06	                   2.73572e+12	                    -0.0194104	                      0.0182034	                     0.00095056	 
2.84	                   -1.6599e+06	                   2.75526e+12	                    -0.0176477	                      0.0174597	                    0.000856259	 
2.85	                  -1.66583e+06	                     2.775e+12	                    -0.0184828	                      0.0174334	                    0.000888514	 
2.86	                  -1.67177e+06	                   2.79482e+12	                     -0.018452	                      0.0169721	                    0.000823166	 
2.87	                  -1.67773e+06	                   2.81478e+12	                    -0.0187562	                      0.0165548	                    0.000799616	 
2.88	                  -1.68373e+06	                   2.83495e+12	                    -0.0183645	                      0.0162728	                    0.000754397	 
2.89	                  -1.68973e+06	                   2.85518e+12	                    -0.0176537	                       0.015816	                    0.000707988	 
2.9	                  -1.69573e+06	                   2.87551e+12	                     -0.016709	                       0.015853	                    0.000721547	 
2.91	                  -1.70174e+06	                   2.89592e+12	                    -0.0188016	                      0.0157749	                    0.000716637	 
2.92	                  -1.70778e+06	                   2.91652e+12	                    -0.0155732	                       0.014924	                    0.000631527	 
2.93	                  -1.71384e+06	                   2.93724e+12	                    -0.0143244	                      0.0148697	                    0.000639435	 
2.94	                  -1.71988e+06	                   2.95797e+12	                    -0.0121043	                        0.01472	                     0.00061709	 
2.95	                  -1.72591e+06	                   2.97877e+12	                     -0.017243	                       0.014559	                    0.000608162	 
2.96	                  -1.73198e+06	                   2.99977e+12	                       -0.0155	                      0.0142687	                     0.00057195	 
2.97	                  -1.73807e+06	                    3.0209e+12	                    -0.0152873	                      0.0136615	                      0.0005415	 
2.98	                  -1.74416e+06	                   3.04211e+12	                     -0.013716	                      0.0135826	                    0.000532261	 
2.99	                  -1.75025e+06	                   3.06339e+12	                    -0.0137727	                      0.0133274	                    0.000516241	 
3	                  -1.75635e+06	                   3.08478e+12	                    -0.0114836	                      0.0131523	                    0.000501053	 
3.05	                   -1.7625e+06	                   3.10641e+12	                    -0.0126061	                      0.0122101	                      0.0004287	 
3.1	                   -1.7687e+06	                   3.12829e+12	                   -0.00914062	                       0.011512	                    0.000377758	 
3.15	                  -1.77492e+06	                   3.15033e+12	                    -0.0100275	                      0.0108328	                    0.000343037	 
3.2	                  -1.78118e+06	                   3.17259e+12	                   -0.00720664	                      0.0101112	                    0.000296436	 
3.25	                  -1.78749e+06	                   3.19512e+12	                   -0.00840039	                     0.00948429	                    0.000265454	 
3.3	                  -1.79383e+06	                   3.21783e+12	                   -0.00863887	                      0.0090493	                    0.000240236	 
3.35	                   -1.8002e+06	                   3.24074e+12	                   -0.00683086	                     0.00874057	                    0.000225006	 
3.4	                  -1.80664e+06	                   3.26395e+12	                   -0.00724668	                     0.00829206	                     0.00020173	 
3.45	                  -1.81309e+06	                    3.2873e+12	                   -0.00643828	                     0.00805784	                    0.000191419	 
3.5	                  -1.81956e+06	                   3.31081e+12	                   -0.00605762	                     0.00748129	                    0.000160237	 
3.55	                  -1.82604e+06	                   3.33442e+12	                   -0.00659355	                     0.00745142	                     0.00016618	 
3.6	                  -1.83252e+06	                   3.35814e+12	                   -0.00641367	                     0.00702719	                    0.000142713	 
3.65	                  -1.83905e+06	                   3.38212e+12	                   -0.00491504	                     0.00675127	                    0.000132442	 
3.7	                  -1.84559e+06	                   3.40621e+12	                    -0.0067373	                      0.0066795	                    0.000131572	 
3.75	                  -1.85219e+06	                   3.43063e+12	                   -0.00483594	                     0.00638075	                    0.000117872	 
3.8	                  -1.85879e+06	                   3.45511e+12	                    -0.0059125	                     0.00620255	                    0.000114124	 
3.85	                  -1.86542e+06	                   3.47981e+12	                   -0.00489609	                     0.00592331	                    0.000104773	 
3.9	                  -1.87205e+06	                   3.50457e+12	                    -0.0055002	                     0.00584169	                    9.99248e-05	 
3.95	                  -1.87869e+06	                   3.52948e+12	                   -0.00387969	                     0.00565198	                    9.27549e-05	 
4	                  -1.88536e+06	                    3.5546e+12	                   -0.00193086	                     0.00564313	                     9.5061e-05	 
4.05	                  -1.89205e+06	                   3.57986e+12	                   -0.00286016	                      0.0055086	                    8.72113e-05	 
4.1	                  -1.89874e+06	                   3.60521e+12	                   -0.00525137	                     0.00528987	                    8.27483e-05	 
4.15	                  -1.90545e+06	                   3.63075e+12	                   -0.00240215	                     0.00513534	                    7.84758e-05	 
4.2	                  -1.91215e+06	                   3.65634e+12	                   -0.00343203	                     0.00495954	                    7.05989e-05	 
4.25	                  -1.91887e+06	                   3.68207e+12	                   -0.00314609	                     0.00483612	                    7.16585e-05	 
4.3	                  -1.92562e+06	                   3.70802e+12	                   -0.00442559	                     0.00494383	                    7.32257e-05	 
4.35	                  -1.93241e+06	                   3.73419e+12	                   -0.00461309	                     0.00481461	                    6.75496e-05	 
4.4	                  -1.93917e+06	                   3.76038e+12	                   -0.00366602	                     0.00473569	                    6.88874e-05	 
4.45	                  -1.94593e+06	                   3.78665e+12	                   -0.00342285	                     0.00453829	                    6.10575e-05	 
4.5	                  -1.95269e+06	                     3.813e+12	                   -0.00246621	                     0.00439011	                    5.84955e-05	 
4.55	                  -1.95949e+06	                   3.83959e+12	                   -0.00191719	                     0.00433015	                    5.70474e-05	 
4.6	                  -1.96629e+06	                    3.8663e+12	                    -0.0035332	                     0.00447857	                    5.92207e-05	 
4.65	                  -1.97312e+06	                   3.89321e+12	                   -0.00235937	                     0.00430096	                    5.64895e-05	 
4.7	                  -1.97995e+06	                    3.9202e+12	                   -0.00201113	                     0.00411614	                    5.13923e-05	 
4.75	                  -1.98679e+06	                   3.94734e+12	                   -0.00122773	                     0.00408131	                    4.96121e-05	 
4.8	                  -1.99366e+06	                   3.97467e+12	                   -0.00200918	                     0.00416313	                    5.12418e-05	 
4.85	                   -2.0005e+06	                   4.00201e+12	                   -0.00279023	                     0.00403305	                     4.7701e-05	 
4.9	                  -2.00737e+06	                   4.02955e+12	                   -0.00298887	                     0.00387969	                    4.27615e-05	 
4.95	                  -2.01426e+06	                   4.05724e+12	                   -0.00278281	                     0.00391802	                    4.55835e-05	 
5	                  -2.02113e+06	                   4.08496e+12	                   -0.00369902	                     0.00384623	                    4.32393e-05	 
