temperature 	 <E> 	 <E^2> 	 <m> 	 <m^2>
0	                       -314575	                   9.89573e+10	                      0.999512	                       0.999024	                       0.998048	 
0.05	                       -314575	                   9.89573e+10	                      0.999512	                       0.999024	                       0.998048	 
0.1	                       -314575	                   9.89573e+10	                      0.999512	                       0.999024	                       0.998048	 
0.15	                       -314575	                   9.89573e+10	                      0.999512	                       0.999024	                       0.998048	 
0.2	                       -314575	                   9.89573e+10	                      0.999512	                       0.999024	                       0.998048	 
0.25	                       -314575	                   9.89573e+10	                      0.999512	                       0.999024	                       0.998048	 
0.3	                       -314575	                   9.89573e+10	                      0.999512	                       0.999024	                       0.998048	 
0.35	                       -314575	                   9.89574e+10	                      0.999164	                       0.998351	                       0.996785	 
0.4	                       -314575	                   9.89577e+10	                      0.976888	                       0.959112	                       0.934326	 
0.45	                       -314576	                   9.89582e+10	                     -0.416903	                       0.713579	                       0.662997	 
0.5	                       -314576	                   9.89583e+10	                            -1	                              1	                              1	 
0.55	                       -314576	                   9.89583e+10	                     -0.999999	                       0.999998	                       0.999996	 
0.6	                       -314576	                   9.89583e+10	                     -0.999996	                       0.999992	                       0.999985	 
0.65	                       -314576	                   9.89583e+10	                      -0.99999	                        0.99998	                        0.99996	 
0.7	                       -314576	                   9.89584e+10	                     -0.999979	                       0.999957	                       0.999914	 
0.75	                       -314577	                   9.89584e+10	                     -0.999951	                       0.999901	                       0.999803	 
0.8	                       -314577	                   9.89587e+10	                     -0.999903	                       0.999807	                       0.999614	 
0.85	                       -314577	                    9.8959e+10	                     -0.999831	                       0.999661	                       0.999323	 
0.9	                       -314579	                   9.89598e+10	                     -0.999706	                       0.999413	                       0.998828	 
0.95	                       -314582	                   9.89617e+10	                     -0.999495	                       0.998993	                       0.997997	 
1	                       -314586	                   9.89643e+10	                      -0.99925	                       0.998503	                       0.997016	 
1.05	                       -314594	                   9.89694e+10	                     -0.998825	                       0.997657	                       0.995339	 
1.1	                       -314609	                   9.89789e+10	                     -0.998331	                       0.996674	                       0.993389	 
1.15	                       -314633	                   9.89942e+10	                     -0.997544	                       0.995114	                       0.990326	 
1.2	                       -314671	                   9.90181e+10	                     -0.996675	                       0.993383	                       0.986891	 
1.25	                       -314728	                   9.90537e+10	                     -0.995443	                       0.990948	                       0.982124	 
1.3	                       -314810	                   9.91056e+10	                     -0.993805	                       0.987715	                       0.975821	 
1.35	                       -314926	                   9.91785e+10	                     -0.992086	                       0.984305	                       0.969107	 
1.4	                       -315086	                   9.92793e+10	                     -0.989495	                       0.979224	                       0.959322	 
1.45	                       -315305	                   9.94169e+10	                     -0.986639	                       0.973635	                       0.948587	 
1.5	                       -315584	                   9.95935e+10	                     -0.982964	                       0.966444	                       0.934802	 
1.55	                       -315943	                   9.98202e+10	                     -0.978675	                       0.958128	                       0.919121	 
1.6	                       -316398	                   1.00108e+11	                     -0.973307	                       0.947738	                        0.89962	 
1.65	                       -316958	                   1.00462e+11	                      -0.96717	                       0.935946	                       0.877785	 
1.7	                       -317639	                   1.00894e+11	                     -0.959705	                       0.921755	                       0.851959	 
1.75	                       -318446	                   1.01408e+11	                     -0.951224	                       0.905664	                       0.822955	 
1.8	                       -319392	                   1.02011e+11	                     -0.941357	                       0.887154	                       0.790226	 
1.85	                       -320506	                   1.02724e+11	                     -0.929831	                         0.8657	                       0.752952	 
1.9	                       -321773	                   1.03538e+11	                     -0.914713	                       0.838081	                       0.706614	 
1.95	                       -323224	                   1.04474e+11	                     -0.897642	                       0.807379	                       0.656667	 
2	                       -324855	                   1.05531e+11	                     -0.877592	                       0.772067	                       0.601505	 
2.01	                       -326576	                   1.06652e+11	                     -0.872715	                       0.763714	                       0.589109	 
2.02	                       -328327	                   1.07799e+11	                     -0.867444	                       0.754755	                       0.575937	 
2.03	                       -330121	                    1.0898e+11	                     -0.862722	                       0.746464	                       0.563212	 
2.04	                       -331961	                   1.10198e+11	                     -0.856366	                       0.735694	                       0.547584	 
2.05	                       -333842	                   1.11451e+11	                     -0.852297	                       0.728759	                       0.537391	 
2.06	                       -335752	                   1.12729e+11	                     -0.844704	                       0.716118	                       0.519643	 
2.07	                       -337709	                   1.14047e+11	                     -0.839033	                       0.706569	                       0.505995	 
2.08	                       -339703	                   1.15398e+11	                      -0.83324	                       0.697169	                       0.493402	 
2.09	                       -341716	                    1.1677e+11	                     -0.826629	                       0.686222	                       0.478235	 
2.1	                       -343768	                   1.18177e+11	                     -0.818912	                        0.67373	                       0.461624	 
2.11	                       -345855	                   1.19616e+11	                     -0.811905	                       0.662414	                       0.446589	 
2.12	                       -347974	                   1.21086e+11	                     -0.803882	                       0.649511	                       0.429746	 
2.13	                       -350154	                   1.22608e+11	                      -0.79384	                       0.633789	                       0.410108	 
2.14	                       -352377	                    1.2417e+11	                     -0.784193	                       0.618969	                       0.392136	 
2.15	                       -354621	                   1.25756e+11	                     -0.775479	                       0.605411	                       0.375483	 
2.16	                       -356903	                    1.2738e+11	                      -0.76062	                       0.583487	                       0.350716	 
2.17	                       -359219	                   1.29038e+11	                     -0.752633	                       0.571627	                       0.337353	 
2.18	                       -361569	                   1.30732e+11	                     -0.739378	                       0.552193	                       0.315789	 
2.19	                       -363953	                   1.32462e+11	                     -0.725745	                       0.532725	                       0.295233	 
2.2	                       -366385	                   1.34238e+11	                     -0.619337	                       0.487118	                       0.256811	 
2.21	                       -368862	                   1.36059e+11	                     -0.685911	                       0.481978	                       0.247487	 
2.22	                       -371373	                   1.37919e+11	                     -0.646609	                       0.443852	                       0.215493	 
2.23	                       -373922	                   1.39818e+11	                     -0.639507	                       0.422302	                       0.195429	 
2.24	                       -376486	                   1.41742e+11	                      -0.59549	                       0.389572	                       0.171382	 
2.25	                       -379088	                   1.43708e+11	                     -0.500098	                       0.341035	                       0.140588	 
2.26	                       -381741	                   1.45726e+11	                     -0.498178	                        0.30684	                       0.116843	 
2.27	                       -384431	                   1.47788e+11	                     -0.435188	                       0.262697	                      0.0925002	 
2.28	                       -387161	                   1.49894e+11	                     -0.349102	                        0.22013	                      0.0705812	 
2.29	                       -389907	                   1.52028e+11	                     -0.328525	                        0.18744	                      0.0547462	 
2.3	                       -392685	                   1.54202e+11	                     -0.297782	                       0.158117	                      0.0415431	 
2.31	                       -395502	                   1.56422e+11	                     -0.211152	                       0.123804	                      0.0289472	 
2.32	                       -398345	                    1.5868e+11	                     -0.209994	                       0.110753	                      0.0239401	 
2.33	                       -401200	                   1.60962e+11	                     -0.145281	                       0.088574	                       0.016852	 
2.34	                       -404083	                   1.63284e+11	                      -0.10418	                      0.0685714	                      0.0108551	 
2.35	                       -406984	                   1.65637e+11	                     -0.100718	                      0.0604955	                     0.00872178	 
2.36	                       -409914	                    1.6803e+11	                    -0.0970257	                      0.0542644	                     0.00720772	 
2.37	                       -412862	                   1.70455e+11	                    -0.0778199	                      0.0465503	                     0.00538705	 
2.38	                       -415821	                   1.72908e+11	                    -0.0646323	                      0.0393788	                     0.00405344	 
2.39	                       -418788	                   1.75384e+11	                    -0.0582941	                      0.0372813	                     0.00366594	 
2.4	                       -421773	                   1.77893e+11	                    -0.0494638	                      0.0337531	                     0.00310062	 
2.41	                       -424775	                   1.80434e+11	                    -0.0509711	                      0.0291977	                     0.00234675	 
2.42	                       -427796	                    1.8301e+11	                    -0.0384517	                      0.0269546	                     0.00199389	 
2.43	                       -430834	                   1.85618e+11	                    -0.0388832	                      0.0241172	                       0.001611	 
2.44	                       -433881	                   1.88253e+11	                    -0.0258484	                      0.0221451	                     0.00137134	 
2.45	                       -436944	                   1.90921e+11	                    -0.0299235	                      0.0193212	                     0.00106421	 
2.46	                       -440021	                   1.93619e+11	                    -0.0344132	                      0.0200563	                     0.00112532	 
2.47	                       -443109	                   1.96346e+11	                      -0.02782	                      0.0178528	                    0.000902082	 
2.48	                       -446210	                   1.99104e+11	                    -0.0262565	                       0.016457	                    0.000778109	 
2.49	                       -449326	                   2.01894e+11	                    -0.0280195	                      0.0158926	                    0.000721881	 
2.5	                       -452456	                   2.04717e+11	                    -0.0185037	                      0.0146779	                    0.000639952	 
2.51	                       -455603	                   2.07575e+11	                    -0.0216334	                      0.0138202	                    0.000535137	 
2.52	                       -458751	                   2.10453e+11	                    -0.0193196	                      0.0133573	                    0.000519768	 
2.53	                       -461898	                    2.1335e+11	                    -0.0178091	                      0.0128349	                    0.000474588	 
2.54	                       -465057	                   2.16279e+11	                    -0.0165738	                      0.0120906	                    0.000423023	 
2.55	                       -468235	                   2.19245e+11	                    -0.0142073	                      0.0110762	                    0.000350467	 
2.56	                       -471432	                   2.22249e+11	                     -0.016865	                       0.010895	                    0.000345158	 
2.57	                       -474637	                   2.25281e+11	                    -0.0143523	                      0.0102705	                      0.0003081	 
2.58	                       -477845	                   2.28336e+11	                    -0.0148595	                      0.0100645	                    0.000298301	 
2.59	                       -481052	                   2.31412e+11	                    -0.0116348	                     0.00941622	                    0.000258866	 
2.6	                       -484271	                   2.34519e+11	                    -0.0140583	                     0.00940953	                    0.000253306	 
2.61	                       -487502	                   2.37659e+11	                    -0.0115343	                     0.00879974	                    0.000230612	 
2.62	                       -490750	                   2.40836e+11	                    -0.0116671	                     0.00820426	                    0.000195423	 
2.63	                       -494010	                   2.44046e+11	                   -0.00953804	                     0.00801868	                    0.000185495	 
2.64	                       -497259	                   2.47267e+11	                    -0.0107908	                     0.00785955	                    0.000188174	 
2.65	                       -500523	                   2.50524e+11	                   -0.00878257	                     0.00761694	                     0.00017218	 
2.66	                       -503796	                   2.53811e+11	                    -0.0102015	                     0.00714841	                    0.000150303	 
2.67	                       -507081	                   2.57132e+11	                   -0.00870674	                     0.00709653	                     0.00015048	 
2.68	                       -510373	                   2.60482e+11	                   -0.00822046	                     0.00689211	                    0.000140252	 
2.69	                       -513668	                   2.63856e+11	                   -0.00801914	                     0.00661054	                    0.000128272	 
2.7	                       -516970	                   2.67258e+11	                   -0.00606968	                     0.00629884	                    0.000114059	 
2.71	                       -520286	                   2.70698e+11	                   -0.00909209	                     0.00619479	                     0.00011053	 
2.72	                       -523595	                   2.74152e+11	                   -0.00732549	                     0.00603374	                    0.000108265	 
2.73	                       -526917	                   2.77643e+11	                   -0.00586353	                     0.00573588	                    9.43233e-05	 
2.74	                       -530242	                   2.81158e+11	                   -0.00664741	                      0.0056917	                    9.67515e-05	 
2.75	                       -533572	                     2.847e+11	                   -0.00827471	                      0.0055123	                    8.99267e-05	 
2.76	                       -536909	                   2.88272e+11	                   -0.00593979	                     0.00550784	                     8.7869e-05	 
2.77	                       -540254	                   2.91875e+11	                   -0.00766255	                     0.00527712	                    8.14694e-05	 
2.78	                       -543614	                   2.95516e+11	                   -0.00730366	                      0.0050699	                    7.62808e-05	 
2.79	                       -546990	                   2.99199e+11	                   -0.00465005	                     0.00515199	                    7.93718e-05	 
2.8	                       -550356	                   3.02892e+11	                    -0.0055209	                     0.00487161	                    7.01331e-05	 
2.81	                       -553726	                   3.06613e+11	                   -0.00597222	                     0.00481588	                    6.85188e-05	 
2.82	                       -557102	                   3.10364e+11	                   -0.00444937	                     0.00470605	                    6.56064e-05	 
2.83	                       -560484	                   3.14143e+11	                   -0.00569326	                     0.00451956	                    6.14719e-05	 
2.84	                       -563874	                   3.17955e+11	                   -0.00466699	                     0.00445575	                     5.8161e-05	 
2.85	                       -567266	                   3.21791e+11	                   -0.00483135	                     0.00435547	                    5.42757e-05	 
2.86	                       -570659	                   3.25653e+11	                   -0.00568994	                     0.00431165	                     5.4691e-05	 
2.87	                       -574069	                   3.29556e+11	                   -0.00526108	                     0.00422954	                    5.25764e-05	 
2.88	                       -577476	                   3.33479e+11	                   -0.00652241	                     0.00411997	                    5.08172e-05	 
2.89	                       -580884	                   3.37427e+11	                   -0.00480684	                      0.0040478	                    4.91676e-05	 
2.9	                       -584298	                   3.41405e+11	                   -0.00380522	                     0.00398282	                    4.58916e-05	 
2.91	                       -587715	                    3.4541e+11	                   -0.00335215	                     0.00387903	                    4.53163e-05	 
2.92	                       -591148	                   3.49456e+11	                   -0.00466807	                       0.003816	                    4.31871e-05	 
2.93	                       -594585	                   3.53532e+11	                   -0.00464463	                     0.00374506	                    4.11632e-05	 
2.94	                       -598020	                   3.57629e+11	                   -0.00388384	                      0.0035886	                    3.75161e-05	 
2.95	                       -601449	                   3.61741e+11	                    -0.0038001	                     0.00352166	                    3.68742e-05	 
2.96	                       -604898	                   3.65902e+11	                   -0.00333223	                     0.00355538	                    3.78844e-05	 
2.97	                       -608330	                   3.70067e+11	                   -0.00376245	                     0.00351458	                    3.66259e-05	 
2.98	                       -611779	                   3.74274e+11	                   -0.00363804	                      0.0033887	                    3.37939e-05	 
2.99	                       -615236	                   3.78516e+11	                   -0.00295972	                     0.00334948	                    3.33997e-05	 
3	                       -618694	                   3.82783e+11	                   -0.00390161	                     0.00327613	                    3.19826e-05	 
3.05	                       -622168	                   3.87094e+11	                   -0.00304463	                     0.00307334	                    2.79456e-05	 
3.1	                       -625658	                   3.91448e+11	                   -0.00357759	                     0.00282343	                    2.36131e-05	 
3.15	                       -629165	                   3.95849e+11	                   -0.00167705	                     0.00269028	                    2.14023e-05	 
3.2	                       -632687	                   4.00293e+11	                   -0.00203604	                     0.00255463	                    1.98928e-05	 
3.25	                       -636217	                   4.04773e+11	                   -0.00179648	                     0.00233819	                    1.63893e-05	 
3.3	                       -639755	                   4.09287e+11	                   -0.00146382	                     0.00220458	                    1.45054e-05	 
3.35	                       -643317	                   4.13857e+11	                   -0.00224053	                     0.00217499	                    1.44107e-05	 
3.4	                       -646899	                   4.18479e+11	                   -0.00187437	                     0.00203117	                    1.21652e-05	 
3.45	                       -650496	                   4.23146e+11	                   -0.00189678	                     0.00196802	                    1.16195e-05	 
3.5	                       -654098	                   4.27845e+11	                  -0.000967236	                     0.00186774	                    1.02578e-05	 
3.55	                       -657705	                   4.32577e+11	                   -0.00153735	                      0.0018251	                    1.01412e-05	 
3.6	                       -661322	                   4.37348e+11	                   -0.00135254	                     0.00175617	                    9.29737e-06	 
3.65	                       -664931	                   4.42135e+11	                   -0.00110815	                     0.00166589	                    8.24274e-06	 
3.7	                       -668553	                   4.46964e+11	                  -0.000757617	                      0.0016431	                    8.06835e-06	 
3.75	                       -672188	                   4.51837e+11	                   -0.00176636	                     0.00157148	                    7.42135e-06	 
3.8	                       -675855	                   4.56781e+11	                    -0.0012021	                     0.00150193	                    6.91346e-06	 
3.85	                       -679507	                    4.6173e+11	                   -0.00120249	                     0.00147323	                    6.37352e-06	 
3.9	                       -683159	                   4.66707e+11	                   -0.00138838	                     0.00141248	                    5.86867e-06	 
3.95	                       -686812	                   4.71712e+11	                   -0.00106685	                      0.0013687	                    5.58425e-06	 
4	                       -690482	                   4.76767e+11	                   -0.00142627	                     0.00135201	                    5.58224e-06	 
4.05	                       -694156	                   4.81854e+11	                  -0.000519971	                     0.00131517	                    5.26089e-06	 
4.1	                       -697832	                   4.86971e+11	                  -0.000954395	                      0.0012817	                    4.93403e-06	 
4.15	                       -701512	                    4.9212e+11	                  -0.000886572	                     0.00127497	                    4.99817e-06	 
4.2	                       -705202	                   4.97311e+11	                  -0.000286328	                     0.00120605	                    4.33761e-06	 
4.25	                       -708881	                   5.02513e+11	                  -0.000936865	                     0.00118448	                    4.17945e-06	 
4.3	                       -712578	                   5.07767e+11	                  -0.000643457	                     0.00116405	                    4.09319e-06	 
4.35	                       -716283	                   5.13062e+11	                   -0.00050459	                     0.00115174	                    4.07847e-06	 
4.4	                       -719996	                   5.18395e+11	                   -0.00076709	                     0.00109409	                    3.60311e-06	 
4.45	                       -723712	                    5.2376e+11	                  -0.000783594	                     0.00110163	                    3.64155e-06	 
4.5	                       -727433	                   5.29159e+11	                  -0.000797705	                     0.00107918	                    3.50907e-06	 
4.55	                       -731141	                   5.34569e+11	                  -0.000569873	                     0.00104876	                     3.2819e-06	 
4.6	                       -734878	                   5.40047e+11	                  -0.000794385	                     0.00102197	                    3.13876e-06	 
4.65	                       -738604	                   5.45537e+11	                   -0.00113652	                     0.00104402	                    3.34046e-06	 
4.7	                       -742329	                   5.51053e+11	                  -0.000611865	                    0.000995948	                    3.03808e-06	 
4.75	                       -746058	                   5.56604e+11	                  -0.000827051	                    0.000995395	                    2.96691e-06	 
4.8	                       -749794	                   5.62192e+11	                   0.000144971	                    0.000966256	                    2.85534e-06	 
4.85	                       -753529	                   5.67807e+11	                   -0.00126421	                    0.000948635	                    2.67641e-06	 
4.9	                       -757265	                   5.73451e+11	                  -7.77832e-05	                    0.000929126	                    2.62559e-06	 
4.95	                       -761012	                    5.7914e+11	                    -0.0008375	                     0.00094095	                    2.66761e-06	 
5	                       -764750	                   5.84843e+11	                  -0.000333252	                    0.000930766	                    2.68216e-06	 
