temperature 	 <E> 	 <E^2> 	 <m> 	 <m^2>
0	                  -2.01327e+07	                   4.05324e+14	                       0.96875	                       0.938477	                       0.880738	 
0.05	                  -2.01327e+07	                   4.05324e+14	                       0.96875	                       0.938477	                       0.880738	 
0.1	                  -2.01327e+07	                   4.05324e+14	                       0.96875	                       0.938477	                       0.880738	 
0.15	                  -2.01327e+07	                   4.05324e+14	                       0.96875	                       0.938477	                       0.880738	 
0.2	                  -2.01327e+07	                   4.05324e+14	                       0.96875	                       0.938477	                       0.880738	 
0.25	                  -2.01327e+07	                   4.05324e+14	                       0.96875	                       0.938477	                       0.880738	 
0.3	                  -2.01327e+07	                   4.05324e+14	                       0.96875	                       0.938477	                       0.880738	 
0.35	                  -2.01327e+07	                   4.05324e+14	                      0.968328	                       0.937857	                       0.880002	 
0.4	                  -2.01327e+07	                   4.05324e+14	                      0.189116	                        0.93063	                       0.892003	 
0.45	                  -2.01327e+07	                   4.05324e+14	                            -1	                              1	                              1	 
0.5	                  -2.01327e+07	                   4.05324e+14	                            -1	                              1	                              1	 
0.55	                  -2.01327e+07	                   4.05324e+14	                            -1	                              1	                              1	 
0.6	                  -2.01327e+07	                   4.05324e+14	                            -1	                              1	                              1	 
0.65	                  -2.01327e+07	                   4.05324e+14	                     -0.999984	                       0.999969	                        0.99994	 
0.7	                  -2.01327e+07	                   4.05324e+14	                     -0.999975	                       0.999951	                       0.999905	 
0.75	                  -2.01327e+07	                   4.05324e+14	                     -0.999956	                       0.999914	                       0.999833	 
0.8	                  -2.01327e+07	                   4.05324e+14	                     -0.999894	                       0.999791	                       0.999596	 
0.85	                  -2.01327e+07	                   4.05324e+14	                     -0.999803	                       0.999612	                       0.999249	 
0.9	                  -2.01327e+07	                   4.05324e+14	                     -0.999706	                       0.999422	                       0.998881	 
0.95	                  -2.01327e+07	                   4.05324e+14	                     -0.999581	                       0.999176	                       0.998406	 
1	                  -2.01327e+07	                   4.05325e+14	                     -0.999309	                       0.998643	                        0.99738	 
1.05	                  -2.01327e+07	                   4.05325e+14	                     -0.998897	                       0.997841	                       0.995851	 
1.1	                  -2.01327e+07	                   4.05325e+14	                     -0.998122	                       0.996573	                       0.993718	 
1.15	                  -2.01327e+07	                   4.05326e+14	                     -0.994513	                       0.995288	                       0.991213	 
1.2	                  -2.01328e+07	                   4.05328e+14	                      -0.99655	                       0.993461	                       0.987863	 
1.25	                  -2.01328e+07	                    4.0533e+14	                     -0.995303	                        0.99123	                       0.983667	 
1.3	                  -2.01329e+07	                   4.05333e+14	                     -0.992816	                        0.98872	                       0.979542	 
1.35	                   -2.0133e+07	                   4.05338e+14	                     -0.989666	                       0.985144	                       0.972789	 
1.4	                  -2.01332e+07	                   4.05345e+14	                     -0.991066	                       0.982844	                       0.967913	 
1.45	                  -2.01334e+07	                   4.05352e+14	                     -0.987231	                       0.977063	                       0.958013	 
1.5	                  -2.01336e+07	                   4.05364e+14	                     -0.982591	                       0.970778	                       0.947079	 
1.55	                   -2.0134e+07	                   4.05378e+14	                     -0.978328	                       0.963519	                       0.934642	 
1.6	                  -2.01345e+07	                   4.05397e+14	                     -0.968203	                       0.955224	                       0.921021	 
1.65	                  -2.01351e+07	                   4.05422e+14	                     -0.965191	                       0.945376	                       0.904569	 
1.7	                  -2.01358e+07	                   4.05452e+14	                     -0.955366	                       0.934206	                       0.886457	 
1.75	                  -2.01369e+07	                   4.05493e+14	                     -0.943484	                        0.91727	                        0.86015	 
1.8	                  -2.01381e+07	                   4.05542e+14	                     -0.938288	                       0.905119	                        0.84154	 
1.85	                  -2.01396e+07	                   4.05603e+14	                     -0.913103	                       0.883446	                       0.808486	 
1.9	                  -2.01414e+07	                   4.05678e+14	                     -0.897259	                       0.860686	                       0.774656	 
1.95	                  -2.01437e+07	                   4.05769e+14	                     -0.875138	                       0.834446	                       0.739132	 
2	                  -2.01463e+07	                   4.05875e+14	                     -0.856166	                       0.808959	                       0.702843	 
2.01	                  -2.01492e+07	                    4.0599e+14	                     -0.846131	                       0.798894	                       0.689654	 
2.02	                  -2.01521e+07	                   4.06108e+14	                     -0.849141	                       0.796708	                       0.685743	 
2.03	                  -2.01551e+07	                   4.06229e+14	                     -0.834556	                       0.787456	                       0.674534	 
2.04	                  -2.01582e+07	                   4.06355e+14	                     -0.837859	                       0.787037	                       0.672539	 
2.05	                  -2.01615e+07	                   4.06486e+14	                     -0.816956	                       0.771926	                       0.653804	 
2.06	                  -2.01648e+07	                    4.0662e+14	                     -0.819647	                       0.768126	                       0.648483	 
2.07	                  -2.01683e+07	                   4.06759e+14	                     -0.812775	                       0.759672	                       0.638013	 
2.08	                  -2.01718e+07	                   4.06903e+14	                     -0.806662	                       0.753045	                       0.629954	 
2.09	                  -2.01755e+07	                   4.07052e+14	                     -0.796519	                       0.744293	                       0.617635	 
2.1	                  -2.01793e+07	                   4.07205e+14	                     -0.792544	                        0.73742	                       0.610102	 
2.11	                  -2.01832e+07	                   4.07361e+14	                     -0.784228	                       0.728478	                        0.59821	 
2.12	                  -2.01872e+07	                   4.07525e+14	                     -0.778984	                       0.724501	                       0.592514	 
2.13	                  -2.01913e+07	                    4.0769e+14	                     -0.771019	                       0.716165	                       0.583675	 
2.14	                  -2.01956e+07	                   4.07862e+14	                     -0.754822	                       0.706915	                       0.571029	 
2.15	                     -2.02e+07	                    4.0804e+14	                     -0.758637	                       0.703676	                       0.568439	 
2.16	                  -2.02045e+07	                   4.08222e+14	                     -0.747819	                       0.693454	                       0.555107	 
2.17	                  -2.02092e+07	                    4.0841e+14	                     -0.728594	                       0.679786	                       0.538573	 
2.18	                  -2.02139e+07	                   4.08603e+14	                     -0.723734	                       0.672099	                       0.530688	 
2.19	                  -2.02188e+07	                     4.088e+14	                     -0.720222	                       0.667258	                       0.524897	 
2.2	                  -2.02238e+07	                   4.09003e+14	                     -0.721375	                       0.659917	                       0.515647	 
2.21	                   -2.0229e+07	                   4.09213e+14	                     -0.697128	                       0.643587	                       0.497825	 
2.22	                  -2.02344e+07	                    4.0943e+14	                     -0.692066	                        0.63617	                       0.488302	 
2.23	                  -2.02398e+07	                   4.09649e+14	                      -0.68645	                       0.631795	                       0.483189	 
2.24	                  -2.02453e+07	                   4.09874e+14	                     -0.663941	                        0.61847	                       0.469204	 
2.25	                  -2.02511e+07	                   4.10107e+14	                     -0.669362	                       0.618396	                       0.468502	 
2.26	                  -2.02569e+07	                   4.10341e+14	                     -0.658631	                       0.605927	                        0.45379	 
2.27	                  -2.02629e+07	                   4.10585e+14	                     -0.643763	                       0.593664	                       0.441605	 
2.28	                   -2.0269e+07	                   4.10834e+14	                     -0.643859	                       0.591574	                       0.437689	 
2.29	                  -2.02752e+07	                   4.11085e+14	                     -0.619991	                       0.575268	                       0.421433	 
2.3	                  -2.02816e+07	                   4.11343e+14	                     -0.608741	                       0.561913	                       0.406848	 
2.31	                  -2.02882e+07	                   4.11612e+14	                     -0.605862	                       0.559175	                       0.403358	 
2.32	                   -2.0295e+07	                   4.11885e+14	                     -0.588738	                       0.544692	                       0.389121	 
2.33	                  -2.03018e+07	                   4.12163e+14	                       -0.5816	                       0.534185	                       0.377803	 
2.34	                  -2.03088e+07	                   4.12447e+14	                     -0.574234	                       0.529917	                       0.372812	 
2.35	                  -2.03159e+07	                   4.12736e+14	                      -0.55845	                       0.516856	                       0.360681	 
2.36	                  -2.03232e+07	                   4.13032e+14	                     -0.563612	                         0.5177	                       0.360324	 
2.37	                  -2.03305e+07	                   4.13328e+14	                     -0.549944	                       0.505542	                       0.347151	 
2.38	                   -2.0338e+07	                   4.13634e+14	                     -0.536184	                       0.494663	                       0.337014	 
2.39	                  -2.03457e+07	                   4.13948e+14	                     -0.527928	                         0.4827	                       0.326527	 
2.4	                  -2.03535e+07	                   4.14266e+14	                     -0.513038	                       0.470154	                       0.312466	 
2.41	                  -2.03615e+07	                   4.14589e+14	                     -0.507603	                       0.467805	                       0.310704	 
2.42	                  -2.03694e+07	                   4.14913e+14	                     -0.493528	                       0.459882	                        0.30216	 
2.43	                  -2.03776e+07	                   4.15247e+14	                     -0.488875	                       0.450631	                       0.293171	 
2.44	                   -2.0386e+07	                   4.15588e+14	                      -0.47625	                       0.444632	                       0.285724	 
2.45	                  -2.03944e+07	                    4.1593e+14	                      -0.47955	                       0.443094	                        0.28583	 
2.46	                   -2.0403e+07	                   4.16282e+14	                     -0.461209	                       0.428141	                       0.270958	 
2.47	                  -2.04117e+07	                   4.16639e+14	                     -0.457216	                       0.423217	                        0.26804	 
2.48	                  -2.04206e+07	                   4.17003e+14	                     -0.439919	                       0.409258	                       0.253612	 
2.49	                  -2.04297e+07	                   4.17373e+14	                     -0.437828	                        0.40873	                       0.253272	 
2.5	                  -2.04388e+07	                   4.17744e+14	                     -0.433028	                       0.402191	                       0.247968	 
2.51	                   -2.0448e+07	                    4.1812e+14	                       -0.4193	                       0.392164	                       0.238298	 
2.52	                  -2.04574e+07	                   4.18506e+14	                     -0.407187	                       0.383874	                       0.230506	 
2.53	                  -2.04669e+07	                   4.18892e+14	                     -0.412722	                       0.383028	                       0.228373	 
2.54	                  -2.04765e+07	                   4.19287e+14	                     -0.398512	                       0.368525	                       0.216396	 
2.55	                  -2.04862e+07	                   4.19686e+14	                     -0.397022	                       0.366211	                       0.214279	 
2.56	                  -2.04961e+07	                   4.20091e+14	                     -0.384078	                       0.358723	                       0.207738	 
2.57	                  -2.05062e+07	                   4.20503e+14	                     -0.359944	                        0.34685	                       0.197436	 
2.58	                  -2.05164e+07	                   4.20922e+14	                     -0.362878	                       0.345345	                       0.195701	 
2.59	                  -2.05266e+07	                   4.21343e+14	                       -0.3608	                       0.341782	                       0.192944	 
2.6	                   -2.0537e+07	                    4.2177e+14	                     -0.354175	                       0.331959	                        0.18371	 
2.61	                  -2.05476e+07	                   4.22202e+14	                     -0.349941	                       0.325891	                       0.180136	 
2.62	                   -2.0558e+07	                   4.22632e+14	                     -0.341572	                       0.324893	                        0.17792	 
2.63	                  -2.05686e+07	                   4.23069e+14	                     -0.331956	                       0.313186	                        0.16898	 
2.64	                  -2.05793e+07	                   4.23509e+14	                     -0.330612	                       0.310585	                       0.166032	 
2.65	                  -2.05902e+07	                   4.23954e+14	                     -0.318156	                       0.303224	                       0.161426	 
2.66	                  -2.06012e+07	                   4.24408e+14	                       -0.3109	                       0.299693	                       0.156524	 
2.67	                  -2.06122e+07	                   4.24864e+14	                        -0.306	                       0.291458	                       0.151441	 
2.68	                  -2.06234e+07	                   4.25324e+14	                     -0.298244	                       0.287102	                       0.147366	 
2.69	                  -2.06347e+07	                   4.25789e+14	                     -0.284769	                       0.275933	                       0.138389	 
2.7	                  -2.06461e+07	                   4.26259e+14	                     -0.293391	                        0.28359	                       0.143179	 
2.71	                  -2.06575e+07	                   4.26733e+14	                     -0.284741	                       0.278309	                       0.139587	 
2.72	                  -2.06691e+07	                   4.27212e+14	                     -0.272028	                       0.269252	                       0.133111	 
2.73	                  -2.06808e+07	                   4.27695e+14	                     -0.264556	                       0.264505	                        0.13003	 
2.74	                  -2.06926e+07	                   4.28185e+14	                     -0.266725	                       0.257018	                       0.123364	 
2.75	                  -2.07044e+07	                   4.28673e+14	                     -0.271484	                       0.254578	                       0.122358	 
2.76	                  -2.07164e+07	                   4.29169e+14	                     -0.267497	                       0.257113	                       0.122352	 
2.77	                  -2.07284e+07	                   4.29668e+14	                     -0.253469	                       0.250016	                       0.119263	 
2.78	                  -2.07405e+07	                   4.30168e+14	                     -0.251688	                       0.246648	                       0.116077	 
2.79	                  -2.07527e+07	                   4.30675e+14	                     -0.252456	                        0.24564	                       0.114816	 
2.8	                  -2.07651e+07	                   4.31188e+14	                     -0.242787	                       0.240415	                       0.110911	 
2.81	                  -2.07775e+07	                   4.31705e+14	                     -0.244106	                       0.234575	                       0.106048	 
2.82	                    -2.079e+07	                   4.32223e+14	                     -0.242259	                       0.232697	                       0.105162	 
2.83	                  -2.08025e+07	                   4.32745e+14	                     -0.225469	                       0.225761	                       0.100766	 
2.84	                  -2.08151e+07	                   4.33268e+14	                     -0.222763	                       0.220064	                      0.0967234	 
2.85	                  -2.08277e+07	                   4.33794e+14	                     -0.218988	                       0.218546	                      0.0960069	 
2.86	                  -2.08405e+07	                   4.34328e+14	                     -0.208103	                       0.212535	                      0.0914435	 
2.87	                  -2.08534e+07	                   4.34864e+14	                     -0.214616	                       0.211892	                      0.0907043	 
2.88	                  -2.08664e+07	                   4.35406e+14	                     -0.214463	                       0.211051	                      0.0902615	 
2.89	                  -2.08793e+07	                   4.35946e+14	                     -0.211266	                          0.209	                      0.0880346	 
2.9	                  -2.08923e+07	                   4.36489e+14	                     -0.200044	                       0.204399	                      0.0853896	 
2.91	                  -2.09056e+07	                   4.37043e+14	                     -0.205109	                       0.202516	                      0.0842836	 
2.92	                  -2.09188e+07	                   4.37598e+14	                     -0.201741	                       0.201065	                      0.0832614	 
2.93	                  -2.09321e+07	                   4.38153e+14	                     -0.196672	                       0.199332	                      0.0809509	 
2.94	                  -2.09455e+07	                   4.38713e+14	                     -0.189978	                       0.192288	                      0.0772581	 
2.95	                  -2.09589e+07	                   4.39277e+14	                     -0.192481	                       0.194302	                      0.0779156	 
2.96	                  -2.09724e+07	                   4.39843e+14	                     -0.186503	                       0.186254	                      0.0731989	 
2.97	                  -2.09861e+07	                   4.40415e+14	                     -0.184888	                        0.18916	                      0.0752695	 
2.98	                  -2.09996e+07	                   4.40985e+14	                     -0.177228	                       0.183273	                      0.0711013	 
2.99	                  -2.10132e+07	                   4.41555e+14	                     -0.176553	                       0.180757	                      0.0699291	 
3	                   -2.1027e+07	                   4.42133e+14	                     -0.181253	                       0.178738	                      0.0689598	 
3.05	                   -2.1041e+07	                   4.42725e+14	                     -0.155772	                       0.170352	                      0.0625274	 
3.1	                  -2.10552e+07	                   4.43322e+14	                     -0.154431	                       0.160618	                      0.0564284	 
3.15	                  -2.10697e+07	                   4.43932e+14	                     -0.141637	                       0.149903	                      0.0498577	 
3.2	                  -2.10844e+07	                    4.4455e+14	                     -0.130466	                        0.14198	                      0.0459853	 
3.25	                  -2.10993e+07	                   4.45182e+14	                     -0.128969	                        0.13556	                      0.0424624	 
3.3	                  -2.11145e+07	                   4.45822e+14	                      -0.11605	                       0.129903	                      0.0394613	 
3.35	                  -2.11298e+07	                   4.46468e+14	                     -0.107963	                       0.123774	                      0.0359739	 
3.4	                  -2.11454e+07	                   4.47128e+14	                     -0.105441	                       0.117981	                      0.0333621	 
3.45	                  -2.11612e+07	                   4.47795e+14	                    -0.0981875	                       0.112202	                      0.0302836	 
3.5	                  -2.11771e+07	                   4.48471e+14	                    -0.0982563	                       0.108205	                      0.0289139	 
3.55	                  -2.11933e+07	                   4.49155e+14	                    -0.0938406	                       0.105408	                      0.0271679	 
3.6	                  -2.12095e+07	                   4.49842e+14	                    -0.0909281	                       0.103366	                      0.0263802	 
3.65	                  -2.12258e+07	                   4.50536e+14	                    -0.0843688	                      0.0993584	                      0.0245304	 
3.7	                  -2.12423e+07	                   4.51233e+14	                    -0.0847719	                      0.0966526	                      0.0233245	 
3.75	                  -2.12589e+07	                   4.51941e+14	                    -0.0794469	                      0.0947812	                      0.0225399	 
3.8	                  -2.12757e+07	                   4.52654e+14	                    -0.0736125	                      0.0911656	                      0.0207007	 
3.85	                  -2.12927e+07	                   4.53378e+14	                    -0.0726813	                      0.0875037	                      0.0198324	 
3.9	                  -2.13097e+07	                   4.54103e+14	                    -0.0707437	                      0.0854504	                      0.0181484	 
3.95	                  -2.13268e+07	                   4.54834e+14	                     -0.075775	                      0.0853363	                      0.0188128	 
4	                  -2.13441e+07	                   4.55573e+14	                    -0.0680313	                      0.0841578	                      0.0177697	 
4.05	                  -2.13614e+07	                   4.56311e+14	                    -0.0662375	                      0.0801141	                      0.0161843	 
4.1	                  -2.13788e+07	                   4.57055e+14	                    -0.0623312	                      0.0775348	                      0.0155284	 
4.15	                  -2.13964e+07	                   4.57808e+14	                    -0.0650938	                      0.0751527	                      0.0146168	 
4.2	                  -2.14142e+07	                   4.58566e+14	                    -0.0559125	                       0.074634	                      0.0143748	 
4.25	                   -2.1432e+07	                   4.59329e+14	                    -0.0602594	                      0.0739327	                      0.0139687	 
4.3	                  -2.14498e+07	                   4.60095e+14	                    -0.0552469	                      0.0729825	                      0.0136484	 
4.35	                  -2.14677e+07	                   4.60861e+14	                    -0.0538031	                      0.0709888	                      0.0131731	 
4.4	                  -2.14858e+07	                   4.61638e+14	                    -0.0525562	                      0.0704883	                      0.0129784	 
4.45	                  -2.15038e+07	                   4.62413e+14	                       -0.0522	                      0.0696633	                      0.0126795	 
4.5	                  -2.15219e+07	                   4.63191e+14	                    -0.0527531	                      0.0663964	                      0.0116132	 
4.55	                  -2.15402e+07	                   4.63979e+14	                    -0.0487781	                      0.0654319	                      0.0113533	 
4.6	                  -2.15584e+07	                   4.64766e+14	                    -0.0514656	                      0.0650503	                      0.0109795	 
4.65	                  -2.15767e+07	                   4.65552e+14	                      -0.04925	                      0.0636996	                      0.0109503	 
4.7	                   -2.1595e+07	                   4.66346e+14	                    -0.0490844	                       0.065071	                       0.011189	 
4.75	                  -2.16136e+07	                   4.67146e+14	                    -0.0458062	                      0.0622789	                      0.0101485	 
4.8	                  -2.16322e+07	                   4.67951e+14	                    -0.0478594	                      0.0609909	                     0.00984231	 
4.85	                  -2.16508e+07	                   4.68757e+14	                    -0.0467875	                      0.0603492	                     0.00951556	 
4.9	                  -2.16694e+07	                   4.69561e+14	                    -0.0442063	                      0.0601146	                     0.00954461	 
4.95	                   -2.1688e+07	                    4.7037e+14	                    -0.0453687	                      0.0574584	                     0.00884687	 
5	                  -2.17068e+07	                   4.71184e+14	                    -0.0468344	                      0.0592241	                     0.00936603	 
