temperature 	 <E> 	 <E^2> 	 <m> 	 <m^2>
0	                            -2	                             4	                            -1	                              1	                              1	 
0.05	                            -2	                             4	                            -1	                              1	                              1	 
0.1	                            -2	                             4	                            -1	                              1	                              1	 
0.15	                            -2	                             4	                            -1	                              1	                              1	 
0.2	                            -2	                             4	                            -1	                              1	                              1	 
0.25	                            -2	                             4	                            -1	                              1	                              1	 
0.3	                            -2	                             4	                            -1	                              1	                              1	 
0.35	                            -2	                             4	                            -1	                              1	                              1	 
0.4	                            -2	                             4	                            -1	                              1	                              1	 
0.45	                            -2	                             4	                            -1	                              1	                              1	 
0.5	                            -2	                             4	                            -1	                              1	                              1	 
0.55	                      -1.99998	                        3.9999	                     -0.999994	                       0.999988	                       0.999976	 
0.6	                      -1.99996	                       3.99985	                     -0.999991	                       0.999982	                       0.999964	 
0.65	                      -1.99992	                       3.99971	                     -0.999981	                       0.999963	                       0.999928	 
0.7	                      -1.99992	                       3.99971	                     -0.999981	                       0.999963	                       0.999928	 
0.75	                      -1.99986	                       3.99947	                     -0.999966	                       0.999932	                       0.999869	 
0.8	                      -1.99944	                       3.99782	                     -0.999859	                       0.999723	                       0.999463	 
0.85	                      -1.99947	                       3.99797	                     -0.999866	                       0.999736	                       0.999489	 
0.9	                      -1.99906	                       3.99635	                     -0.999759	                       0.999527	                       0.999085	 
0.95	                      -1.99783	                        3.9916	                      -0.99945	                       0.998918	                       0.997906	 
1	                      -1.99717	                       3.98907	                     -0.999284	                       0.998593	                       0.997278	 
1.05	                      -1.99619	                       3.98527	                     -0.999012	                       0.998062	                       0.996264	 
1.1	                      -1.99371	                       3.97568	                     -0.998369	                       0.996799	                       0.993831	 
1.15	                      -1.99201	                       3.96916	                     -0.997919	                       0.995918	                       0.992143	 
1.2	                      -1.98879	                       3.95671	                     -0.997091	                       0.994293	                       0.989012	 
1.25	                      -1.98487	                       3.94173	                     -0.995994	                       0.992162	                       0.984978	 
1.3	                      -1.98032	                       3.92433	                     -0.994762	                       0.989764	                       0.980426	 
1.35	                      -1.97476	                       3.90319	                     -0.993266	                       0.986861	                       0.974946	 
1.4	                      -1.96879	                       3.88047	                     -0.991584	                       0.983605	                       0.968824	 
1.45	                      -1.95951	                       3.84531	                     -0.988938	                       0.978482	                       0.959213	 
1.5	                      -1.95234	                       3.81829	                     -0.986869	                       0.974509	                       0.951841	 
1.55	                       -1.9409	                       3.77557	                     -0.983634	                       0.968318	                       0.940444	 
1.6	                      -1.92874	                        3.7304	                     -0.979688	                       0.960908	                       0.927183	 
1.65	                      -1.91508	                       3.68059	                     -0.949316	                       0.952511	                       0.912572	 
1.7	                      -1.89775	                       3.61696	                      0.969744	                       0.942247	                       0.894026	 
1.75	                      -1.88044	                       3.55448	                      0.572656	                       0.932082	                       0.876481	 
1.8	                      -1.85958	                       3.48002	                      0.957281	                        0.91944	                       0.854783	 
1.85	                      -1.83527	                       3.39491	                     0.0217437	                       0.903558	                       0.828892	 
1.9	                      -1.80801	                        3.3003	                     -0.375163	                       0.884703	                       0.798873	 
1.95	                      -1.77767	                       3.19858	                    -0.0724937	                       0.862916	                       0.765835	 
2	                      -1.74432	                       3.08884	                     0.0310125	                       0.839369	                       0.731921	 
2.01	                      -1.73945	                       3.07079	                     0.0992656	                       0.837804	                       0.727783	 
2.02	                      -1.73163	                       3.04519	                     0.0950406	                       0.831614	                       0.719406	 
2.03	                      -1.72196	                       3.01385	                       -0.1066	                       0.824838	                       0.709845	 
2.04	                      -1.71414	                        2.9884	                   -0.00571875	                       0.819635	                       0.702012	 
2.05	                      -1.71059	                       2.97802	                     -0.112397	                       0.815982	                       0.697344	 
2.06	                      -1.69768	                       2.93794	                    -0.0886531	                       0.806937	                       0.685197	 
2.07	                      -1.69469	                       2.92769	                     -0.147169	                       0.804269	                       0.681424	 
2.08	                       -1.6797	                       2.87942	                    0.00828125	                       0.794047	                       0.666975	 
2.09	                      -1.67593	                       2.86633	                    -0.0522813	                       0.790926	                       0.661725	 
2.1	                      -1.66827	                       2.84364	                    -0.0757906	                       0.785429	                       0.655218	 
2.11	                       -1.6524	                       2.79408	                     0.0669437	                       0.772871	                       0.638585	 
2.12	                      -1.64457	                        2.7703	                     0.0160125	                        0.76612	                       0.630132	 
2.13	                      -1.63834	                       2.75086	                    0.00388437	                       0.761978	                       0.625103	 
2.14	                      -1.62678	                       2.71585	                     0.0251781	                       0.753605	                       0.614163	 
2.15	                      -1.61967	                       2.69383	                    -0.0366875	                       0.747626	                       0.606463	 
2.16	                      -1.61084	                       2.66528	                    -0.0165938	                       0.741185	                        0.59728	 
2.17	                      -1.59878	                       2.63144	                     0.0100438	                       0.732078	                       0.587499	 
2.18	                      -1.59176	                       2.60872	                    -0.0146156	                        0.72615	                       0.579227	 
2.19	                      -1.58288	                       2.58328	                    -0.0129844	                       0.719527	                       0.571476	 
2.2	                      -1.56718	                       2.53847	                    -0.0280781	                       0.706478	                       0.556568	 
2.21	                      -1.55884	                       2.51253	                     0.0189563	                       0.699721	                       0.548512	 
2.22	                      -1.54471	                       2.46952	                     0.0287969	                       0.688974	                       0.533795	 
2.23	                      -1.53907	                       2.45438	                     0.0535187	                       0.685021	                       0.530332	 
2.24	                      -1.52231	                       2.40265	                    -0.0165344	                       0.670688	                       0.512237	 
2.25	                      -1.51066	                       2.37016	                    0.00768438	                        0.66128	                       0.501609	 
2.26	                      -1.50176	                       2.34595	                    0.00018125	                       0.656057	                       0.496079	 
2.27	                      -1.49304	                       2.32022	                     0.0297281	                        0.64985	                       0.488115	 
2.28	                      -1.47507	                       2.26978	                     0.0105031	                       0.632991	                       0.470079	 
2.29	                      -1.46227	                       2.23356	                      -0.00975	                       0.622904	                       0.458842	 
2.3	                      -1.45706	                       2.21938	                     0.0131813	                       0.619503	                       0.455361	 
2.31	                      -1.44656	                       2.18914	                     0.0256875	                       0.610783	                       0.445805	 
2.32	                      -1.43114	                       2.14728	                   -0.00425938	                       0.598656	                       0.432851	 
2.33	                      -1.41539	                       2.10305	                     0.0110813	                       0.586824	                        0.41927	 
2.34	                      -1.40478	                       2.07654	                  -0.000821875	                       0.575176	                       0.408045	 
2.35	                      -1.39787	                       2.05559	                    0.00863125	                       0.573819	                        0.40515	 
2.36	                      -1.38256	                       2.01586	                   -0.00410313	                       0.557441	                       0.389816	 
2.37	                      -1.37439	                       1.98967	                     0.0196937	                        0.55358	                       0.383277	 
2.38	                      -1.36367	                        1.9647	                     0.0171031	                       0.545384	                       0.376436	 
2.39	                      -1.34666	                        1.9191	                    0.00565938	                       0.532207	                       0.361984	 
2.4	                      -1.34183	                       1.90834	                     0.0268563	                       0.528295	                        0.35969	 
2.41	                      -1.32553	                       1.86343	                    0.00770312	                       0.513199	                       0.344225	 
2.42	                      -1.31317	                       1.83078	                     0.0240969	                       0.503287	                       0.334053	 
2.43	                      -1.29532	                        1.7854	                   -0.00405625	                       0.488008	                       0.320268	 
2.44	                      -1.28754	                       1.76544	                    -0.0143406	                       0.485694	                        0.31656	 
2.45	                      -1.28038	                        1.7496	                  -0.000484375	                       0.477345	                       0.310019	 
2.46	                      -1.27014	                       1.72082	                    -0.0154969	                       0.469454	                       0.301781	 
2.47	                      -1.25196	                       1.67411	                    0.00734062	                        0.45467	                       0.287277	 
2.48	                      -1.24516	                        1.6585	                    -0.0214781	                       0.451476	                       0.284045	 
2.49	                      -1.23695	                       1.63751	                    -0.0114969	                       0.444789	                       0.278072	 
2.5	                      -1.22234	                       1.60465	                    -0.0157594	                       0.431903	                       0.267708	 
2.51	                      -1.21116	                       1.57616	                     0.0105437	                        0.42262	                       0.259008	 
2.52	                      -1.19817	                       1.54152	                       0.01345	                        0.41464	                       0.250089	 
2.53	                      -1.19417	                       1.53155	                     0.0100344	                        0.41093	                       0.246208	 
2.54	                      -1.18151	                       1.50046	                    0.00806562	                       0.401915	                       0.238108	 
2.55	                      -1.16604	                       1.46456	                   -0.00646563	                       0.387786	                       0.226306	 
2.56	                      -1.16092	                        1.4507	                    -0.0107125	                       0.383752	                       0.222442	 
2.57	                      -1.15275	                       1.43197	                    0.00676875	                         0.3793	                       0.219345	 
2.58	                      -1.12957	                       1.38018	                        0.0054	                       0.361059	                       0.204753	 
2.59	                      -1.12993	                       1.37998	                    -0.0207875	                       0.363244	                       0.206157	 
2.6	                      -1.12771	                       1.37618	                       0.00255	                       0.359201	                       0.203595	 
2.61	                      -1.10864	                       1.33146	                   -0.00687812	                       0.347475	                       0.192733	 
2.62	                      -1.10193	                       1.31621	                   -0.00865312	                       0.342766	                       0.189063	 
2.63	                      -1.08799	                       1.28079	                  -0.000559375	                       0.328789	                       0.176393	 
2.64	                      -1.08603	                       1.27829	                   -0.00705313	                       0.327428	                       0.176507	 
2.65	                      -1.07107	                       1.24459	                     0.0115687	                       0.317663	                       0.168409	 
2.66	                      -1.06381	                       1.23015	                   -0.00432813	                       0.313212	                       0.164601	 
2.67	                      -1.05226	                         1.201	                   -0.00250313	                       0.303373	                       0.156476	 
2.68	                      -1.04878	                       1.19451	                     0.0143313	                       0.300555	                       0.154302	 
2.69	                      -1.03164	                       1.15453	                     -0.002575	                        0.29023	                       0.145006	 
2.7	                      -1.03353	                       1.16106	                   -0.00410625	                       0.291297	                        0.14674	 
2.71	                      -1.02449	                       1.14259	                   -0.00370312	                       0.286188	                       0.143436	 
2.72	                      -1.00941	                       1.10932	                      -0.00045	                       0.274209	                       0.133899	 
2.73	                      -1.00128	                        1.0924	                  -0.000684375	                       0.270166	                       0.130482	 
2.74	                     -0.999144	                       1.09016	                   -0.00535313	                       0.268252	                       0.130531	 
2.75	                     -0.994175	                       1.07584	                     -0.007325	                       0.263488	                        0.12607	 
2.76	                     -0.983088	                       1.05273	                     0.0130125	                       0.255789	                       0.119683	 
2.77	                       -0.9709	                        1.0293	                    0.00314375	                       0.249465	                       0.116024	 
2.78	                     -0.967069	                       1.02072	                    0.00821563	                       0.245416	                       0.112638	 
2.79	                     -0.966656	                       1.02099	                   -0.00136563	                       0.246596	                       0.114264	 
2.8	                     -0.957694	                      0.998525	                    0.00325625	                       0.238012	                        0.10699	 
2.81	                     -0.953363	                      0.991566	                      0.000775	                       0.238622	                       0.107176	 
2.82	                     -0.946163	                      0.976603	                   0.000546875	                       0.230812	                       0.102303	 
2.83	                       -0.9403	                      0.966287	                   -0.00407187	                       0.228204	                       0.100461	 
2.84	                     -0.931394	                      0.947217	                    -0.0044625	                       0.220654	                      0.0956786	 
2.85	                     -0.925544	                      0.935582	                   -0.00617188	                       0.218863	                      0.0939361	 
2.86	                     -0.921606	                      0.927786	                    0.00972813	                        0.21652	                      0.0933545	 
2.87	                     -0.907519	                      0.900447	                    -0.0041375	                       0.209093	                      0.0875435	 
2.88	                     -0.905925	                      0.897696	                   0.000228125	                       0.206458	                      0.0861207	 
2.89	                     -0.899275	                      0.884337	                    0.00485625	                       0.202994	                      0.0839616	 
2.9	                       -0.8942	                      0.875147	                      0.003025	                       0.200966	                      0.0820666	 
2.91	                     -0.887481	                      0.861466	                      0.005075	                       0.195745	                      0.0787645	 
2.92	                     -0.878613	                      0.845014	                   -0.00149375	                       0.192436	                       0.076361	 
2.93	                     -0.876431	                      0.838511	                   -0.00481875	                       0.189697	                      0.0739213	 
2.94	                     -0.869781	                      0.825633	                    -0.0086125	                       0.183169	                      0.0699758	 
2.95	                     -0.870719	                      0.829729	                    0.00832813	                       0.186379	                      0.0727435	 
2.96	                     -0.864869	                      0.818695	                   -0.00773125	                       0.182542	                      0.0703735	 
2.97	                     -0.859313	                      0.808873	                     0.0028625	                       0.179509	                      0.0683674	 
2.98	                     -0.845612	                      0.783067	                    0.00571563	                       0.171155	                      0.0627773	 
2.99	                     -0.848006	                      0.787569	                   0.000728125	                       0.171798	                      0.0632823	 
3	                     -0.845387	                      0.782741	                       -0.0051	                        0.17088	                      0.0638549	 
3.05	                     -0.818606	                      0.734067	                    0.00130937	                       0.157532	                       0.054832	 
3.1	                       -0.7959	                      0.695059	                       -0.0008	                       0.148286	                      0.0486913	 
3.15	                     -0.776031	                      0.662304	                    0.00261875	                       0.138329	                      0.0441711	 
3.2	                     -0.760938	                      0.637911	                   -0.00145937	                       0.131461	                      0.0405166	 
3.25	                     -0.738794	                      0.603354	                       -0.0044	                       0.123321	                      0.0361487	 
3.3	                     -0.722437	                       0.57761	                   -0.00255625	                       0.116729	                      0.0333727	 
3.35	                       -0.7119	                      0.560662	                   -0.00440625	                       0.110465	                      0.0302611	 
3.4	                     -0.694831	                      0.534721	                   -0.00109687	                       0.103996	                      0.0269225	 
3.45	                     -0.680844	                      0.514957	                    -0.0026625	                       0.101567	                       0.025599	 
3.5	                     -0.666475	                      0.493226	                     0.0034375	                      0.0957988	                      0.0233335	 
3.55	                      -0.65395	                      0.477262	                    0.00043125	                      0.0918934	                      0.0214505	 
3.6	                      -0.63835	                      0.456762	                   -0.00268125	                      0.0870361	                      0.0197373	 
3.65	                     -0.629694	                      0.443454	                   -0.00055625	                      0.0824572	                      0.0178162	 
3.7	                     -0.614644	                      0.424471	                    0.00139687	                      0.0802829	                      0.0169271	 
3.75	                     -0.605981	                      0.414005	                    0.00237813	                      0.0795767	                      0.0164001	 
3.8	                     -0.597494	                      0.403193	                    0.00355312	                      0.0749503	                      0.0150313	 
3.85	                      -0.58885	                      0.391311	                   -0.00238125	                      0.0736961	                      0.0145155	 
3.9	                     -0.572694	                      0.371564	                    0.00392813	                      0.0696171	                      0.0129991	 
3.95	                       -0.5648	                      0.363337	                    0.00545937	                      0.0676542	                      0.0127708	 
4	                       -0.5611	                      0.358459	                    0.00111563	                      0.0680985	                      0.0127175	 
4.05	                     -0.550331	                       0.34518	                   -0.00465313	                      0.0644165	                      0.0110803	 
4.1	                     -0.536531	                      0.331386	                   -0.00329063	                      0.0620981	                       0.010704	 
4.15	                       -0.5348	                      0.328505	                   -0.00159375	                      0.0619668	                      0.0105331	 
4.2	                     -0.523487	                      0.316941	                   -0.00392813	                      0.0598731	                     0.00995616	 
4.25	                      -0.51775	                      0.310127	                   -0.00194375	                      0.0584912	                     0.00948037	 
4.3	                     -0.509256	                      0.299794	                   -0.00744063	                       0.056863	                     0.00873205	 
4.35	                     -0.502437	                      0.292525	                    -0.0005625	                      0.0558322	                     0.00866391	 
4.4	                     -0.499688	                      0.291002	                     -0.000125	                      0.0561725	                     0.00879879	 
4.45	                     -0.487931	                      0.278021	                   0.000184375	                      0.0538493	                     0.00802141	 
4.5	                     -0.484731	                      0.273528	                   -0.00111875	                      0.0518439	                     0.00736812	 
4.55	                      -0.47775	                      0.268172	                    0.00187188	                      0.0520159	                     0.00742943	 
4.6	                      -0.47155	                      0.261309	                    0.00314375	                      0.0498305	                     0.00684281	 
4.65	                     -0.465444	                      0.256854	                    0.00266563	                      0.0510024	                     0.00738691	 
4.7	                     -0.462137	                      0.252869	                   -0.00369688	                      0.0497028	                     0.00674022	 
4.75	                     -0.453344	                      0.245325	                    0.00307187	                      0.0493978	                      0.0067361	 
4.8	                     -0.449225	                       0.24047	                        0.0006	                      0.0469914	                     0.00615661	 
4.85	                     -0.444081	                      0.236568	                   0.000909375	                      0.0473302	                     0.00633478	 
4.9	                     -0.436506	                      0.227836	                     0.0001625	                      0.0445408	                     0.00552248	 
4.95	                     -0.433594	                      0.226904	                    0.00064375	                      0.0451945	                     0.00583413	 
5	                     -0.427375	                      0.221102	                   -0.00084375	                      0.0449471	                     0.00564108	 
